timestamp,code,value
2025-09-02 13:47:56.065334,58,118.88
2025-09-02 14:02:56.065334,58,101.38
2025-09-02 14:17:56.065334,58,104.0
2025-09-02 14:32:56.065334,58,75.66
2025-09-02 14:47:56.065334,58,115.31
2025-09-02 15:02:56.065334,58,109.52
2025-09-02 15:17:56.065334,58,114.18
2025-09-02 15:32:56.065334,58,85.84
2025-09-02 15:47:56.065334,58,102.8
2025-09-02 16:02:56.065334,58,98.18
2025-09-02 16:17:56.065334,58,111.66
2025-09-02 16:32:56.065334,58,105.16
2025-09-02 16:47:56.065334,58,113.0
2025-09-02 17:02:56.065334,58,105.79
2025-09-02 17:17:56.065334,58,92.44
2025-09-02 17:32:56.065334,58,82.22
2025-09-02 17:47:56.065334,58,90.02
2025-09-02 18:02:56.065334,58,116.12
2025-09-02 18:17:56.065334,58,95.0
2025-09-02 18:32:56.065334,58,98.65
2025-09-02 18:47:56.065334,58,111.19
2025-09-02 19:02:56.065334,58,121.67
2025-09-02 19:17:56.065334,58,108.44
2025-09-02 19:32:56.065334,58,100.97
2025-09-02 19:47:56.065334,58,100.02
2025-09-02 20:02:56.065334,58,101.59
2025-09-02 20:17:56.065334,58,87.84
2025-09-02 20:32:56.065334,58,136.43
2025-09-02 20:47:56.065334,58,97.04
2025-09-02 21:02:56.065334,49,
2025-09-02 21:02:56.065334,58,118.59
2025-09-02 21:17:56.065334,58,132.12
2025-09-02 21:32:56.065334,58,116.55
2025-09-02 21:47:56.065334,58,135.43
2025-09-02 22:02:56.065334,58,92.2
2025-09-02 22:17:56.065334,58,85.64
2025-09-02 22:32:56.065334,58,105.04
2025-09-02 22:47:56.065334,58,99.01
2025-09-02 23:02:56.065334,58,111.86
2025-09-02 23:17:56.065334,58,109.2
2025-09-02 23:17:56.065334,49,
2025-09-02 23:32:56.065334,58,117.62
2025-09-02 23:47:56.065334,58,106.49
2025-09-03 00:02:56.065334,58,115.85
2025-09-03 00:17:56.065334,58,65.12
2025-09-03 00:32:56.065334,58,62.22
2025-09-03 00:47:56.065334,58,119.05
2025-09-03 01:02:56.065334,58,155.12905277784867
2025-09-03 01:02:56.065334,49,
2025-09-03 01:17:56.065334,58,154.62
2025-09-03 01:32:56.065334,58,141.19
2025-09-03 01:47:56.065334,58,118.34
2025-09-03 02:02:56.065334,58,110.12
2025-09-03 02:17:56.065334,58,128.33
2025-09-03 02:17:56.065334,49,
2025-09-03 02:32:56.065334,58,128.75
2025-09-03 02:47:56.065334,58,119.86
2025-09-03 03:02:56.065334,58,116.5
2025-09-03 03:17:56.065334,58,130.66
2025-09-03 03:32:56.065334,58,87.77
2025-09-03 03:47:56.065334,58,103.93
2025-09-03 04:02:56.065334,58,90.53
2025-09-03 04:17:56.065334,58,101.61
2025-09-03 04:32:56.065334,58,105.93
2025-09-03 04:47:56.065334,58,79.67
2025-09-03 05:02:56.065334,58,94.76
2025-09-03 05:17:56.065334,58,84.68
2025-09-03 05:32:56.065334,58,92.98
2025-09-03 05:47:56.065334,58,113.34
2025-09-03 06:02:56.065334,58,81.51
2025-09-03 06:17:56.065334,58,91.62
2025-09-03 06:32:56.065334,58,96.84
2025-09-03 06:47:56.065334,58,95.38
2025-09-03 07:02:56.065334,58,79.27
2025-09-03 07:17:56.065334,58,86.65
2025-09-03 07:32:56.065334,58,104.35
2025-09-03 07:47:56.065334,58,87.04
2025-09-03 08:02:56.065334,58,114.96
2025-09-03 08:17:56.065334,58,71.88
2025-09-03 08:32:56.065334,58,86.23
2025-09-03 08:47:56.065334,58,135.53
2025-09-03 08:47:56.065334,49,
2025-09-03 09:02:56.065334,58,97.5
2025-09-03 09:17:56.065334,58,120.18
2025-09-03 09:32:56.065334,58,89.16
2025-09-03 09:47:56.065334,58,99.97
2025-09-03 10:02:56.065334,58,97.49
2025-09-03 10:17:56.065334,58,93.32
2025-09-03 10:32:56.065334,58,112.47
2025-09-03 10:47:56.065334,58,117.07
2025-09-03 11:02:56.065334,58,102.93
2025-09-03 11:17:56.065334,58,105.96
2025-09-03 11:32:56.065334,58,98.7
2025-09-03 11:47:56.065334,49,
2025-09-03 11:47:56.065334,58,143.61
2025-09-03 12:02:56.065334,58,113.66
2025-09-03 12:17:56.065334,58,112.19
2025-09-03 12:32:56.065334,58,104.96
2025-09-03 12:47:56.065334,58,119.08
2025-09-03 13:02:56.065334,58,85.85
2025-09-03 13:17:56.065334,58,121.62
2025-09-03 13:32:56.065334,58,99.25
2025-09-03 13:47:56.065334,58,97.42
2025-09-03 14:02:56.065334,58,95.5
2025-09-03 14:17:56.065334,58,105.01
2025-09-03 14:32:56.065334,58,131.56
2025-09-03 14:47:56.065334,58,100.35
2025-09-03 15:02:56.065334,58,84.41
2025-09-03 15:17:56.065334,58,111.28
2025-09-03 15:32:56.065334,58,117.2
2025-09-03 15:47:56.065334,58,93.95
2025-09-03 16:02:56.065334,58,115.5
2025-09-03 16:17:56.065334,58,86.7
2025-09-03 16:32:56.065334,58,93.02
2025-09-03 16:47:56.065334,58,90.85
2025-09-03 17:02:56.065334,58,94.33
2025-09-03 17:17:56.065334,58,79.1
2025-09-03 17:32:56.065334,58,100.84
2025-09-03 17:47:56.065334,58,97.78
2025-09-03 18:02:56.065334,58,90.87
2025-09-03 18:17:56.065334,58,85.98
2025-09-03 18:32:56.065334,49,
2025-09-03 18:32:56.065334,58,131.25
2025-09-03 18:47:56.065334,58,124.14
2025-09-03 19:02:56.065334,58,100.94
2025-09-03 19:17:56.065334,58,117.09
2025-09-03 19:32:56.065334,58,79.63
2025-09-03 19:47:56.065334,58,96.4
2025-09-03 20:02:56.065334,58,95.48
2025-09-03 20:17:56.065334,58,88.61
2025-09-03 20:32:56.065334,58,86.07
2025-09-03 20:47:56.065334,58,87.19
2025-09-03 21:02:56.065334,58,126.0
2025-09-03 21:17:56.065334,58,88.1
2025-09-03 21:32:56.065334,58,152.20905277784868
2025-09-03 21:32:56.065334,49,
2025-09-03 21:47:56.065334,58,137.75
2025-09-03 22:02:56.065334,58,116.17
2025-09-03 22:17:56.065334,58,114.1
2025-09-03 22:32:56.065334,58,108.91
2025-09-03 22:47:56.065334,58,106.44
2025-09-03 23:02:56.065334,58,105.88
2025-09-03 23:17:56.065334,58,102.17
2025-09-03 23:32:56.065334,58,97.83
2025-09-03 23:47:56.065334,58,75.83
2025-09-04 00:02:56.065334,58,105.88
2025-09-04 00:17:56.065334,58,113.4
2025-09-04 00:32:56.065334,58,113.53
2025-09-04 00:47:56.065334,58,142.97
2025-09-04 00:47:56.065334,49,
2025-09-04 01:02:56.065334,58,123.02
2025-09-04 01:17:56.065334,58,117.02
2025-09-04 01:32:56.065334,58,91.34
2025-09-04 01:47:56.065334,58,101.75
2025-09-04 02:02:56.065334,58,130.04
2025-09-04 02:17:56.065334,58,108.5
2025-09-04 02:32:56.065334,58,121.56
2025-09-04 02:47:56.065334,58,100.15
2025-09-04 03:02:56.065334,58,99.15
2025-09-04 03:17:56.065334,58,95.2
2025-09-04 03:32:56.065334,58,119.5
2025-09-04 03:47:56.065334,58,105.37
2025-09-04 04:02:56.065334,58,111.82
2025-09-04 04:17:56.065334,58,83.79
2025-09-04 04:32:56.065334,58,162.29905277784866
2025-09-04 04:32:56.065334,49,
2025-09-04 04:47:56.065334,58,145.86905277784868
2025-09-04 05:02:56.065334,58,121.1
2025-09-04 05:17:56.065334,58,121.31
2025-09-04 05:32:56.065334,58,122.08
2025-09-04 05:47:56.065334,58,105.41
2025-09-04 06:02:56.065334,58,110.46
2025-09-04 06:17:56.065334,58,95.89
2025-09-04 06:32:56.065334,58,97.77
2025-09-04 06:47:56.065334,58,172.75905277784867
2025-09-04 06:47:56.065334,49,
2025-09-04 07:02:56.065334,58,143.6
2025-09-04 07:17:56.065334,58,119.74
2025-09-04 07:32:56.065334,58,127.92
2025-09-04 07:47:56.065334,58,103.06
2025-09-04 08:02:56.065334,58,116.2
2025-09-04 08:17:56.065334,58,92.9
2025-09-04 08:32:56.065334,58,94.65
2025-09-04 08:47:56.065334,58,75.05
2025-09-04 09:02:56.065334,58,112.18
2025-09-04 09:17:56.065334,58,117.86
2025-09-04 09:32:56.065334,58,95.03
2025-09-04 09:47:56.065334,58,83.05
2025-09-04 10:02:56.065334,58,107.85
2025-09-04 10:17:56.065334,58,98.8
2025-09-04 10:32:56.065334,58,102.88
2025-09-04 10:47:56.065334,58,115.92
2025-09-04 11:02:56.065334,58,98.68
2025-09-04 11:17:56.065334,58,107.31
2025-09-04 11:32:56.065334,58,106.2
2025-09-04 11:47:56.065334,58,79.15
2025-09-04 12:02:56.065334,58,109.85
2025-09-04 12:17:56.065334,58,107.0
2025-09-04 12:32:56.065334,58,79.9
2025-09-04 12:47:56.065334,58,75.26
2025-09-04 13:02:56.065334,58,113.68
2025-09-04 13:17:56.065334,58,75.25
2025-09-04 13:32:56.065334,58,81.36
2025-09-04 13:47:56.065334,58,107.01
2025-09-04 14:02:56.065334,58,87.39
2025-09-04 14:17:56.065334,58,114.25
2025-09-04 14:32:56.065334,58,108.49
2025-09-04 14:47:56.065334,58,66.68
2025-09-04 15:02:56.065334,58,94.75
2025-09-04 15:17:56.065334,58,113.92
2025-09-04 15:32:56.065334,58,82.09
2025-09-04 15:47:56.065334,58,97.64
2025-09-04 16:02:56.065334,58,131.83
2025-09-04 16:17:56.065334,58,93.6
2025-09-04 16:32:56.065334,58,68.72
2025-09-04 16:47:56.065334,58,102.9
2025-09-04 17:02:56.065334,58,106.08
2025-09-04 17:17:56.065334,58,109.42
2025-09-04 17:32:56.065334,58,84.81
2025-09-04 17:47:56.065334,58,79.2
2025-09-04 18:02:56.065334,58,83.44
2025-09-04 18:17:56.065334,58,110.09
2025-09-04 18:32:56.065334,58,107.26
2025-09-04 18:47:56.065334,49,
2025-09-04 18:47:56.065334,58,154.25
2025-09-04 19:02:56.065334,58,101.19
2025-09-04 19:17:56.065334,58,116.87
2025-09-04 19:32:56.065334,58,104.83
2025-09-04 19:47:56.065334,58,110.87
2025-09-04 20:02:56.065334,58,117.0
2025-09-04 20:17:56.065334,58,119.77
2025-09-04 20:32:56.065334,58,96.16
2025-09-04 20:47:56.065334,58,103.94
2025-09-04 21:02:56.065334,58,89.65
2025-09-04 21:17:56.065334,58,103.01
2025-09-04 21:32:56.065334,58,106.26
2025-09-04 21:47:56.065334,58,101.88
2025-09-04 22:02:56.065334,58,95.13
2025-09-04 22:17:56.065334,58,106.66
2025-09-04 22:32:56.065334,58,93.85
2025-09-04 22:47:56.065334,58,95.11
2025-09-04 23:02:56.065334,58,89.72
2025-09-04 23:17:56.065334,58,86.48
2025-09-04 23:32:56.065334,58,100.4
2025-09-04 23:47:56.065334,58,82.06
2025-09-05 00:02:56.065334,58,115.16
2025-09-05 00:17:56.065334,58,74.46
2025-09-05 00:32:56.065334,58,115.43
2025-09-05 00:47:56.065334,58,102.96
2025-09-05 01:02:56.065334,58,92.64
2025-09-05 01:17:56.065334,58,93.1
2025-09-05 01:32:56.065334,58,87.59
2025-09-05 01:47:56.065334,58,86.87
2025-09-05 02:02:56.065334,58,112.39
2025-09-05 02:17:56.065334,58,104.14
2025-09-05 02:32:56.065334,58,94.27
2025-09-05 02:47:56.065334,58,86.39
2025-09-05 03:02:56.065334,58,116.77
2025-09-05 03:17:56.065334,58,98.17
2025-09-05 03:32:56.065334,58,105.84
2025-09-05 03:47:56.065334,58,91.1
2025-09-05 04:02:56.065334,58,96.06
2025-09-05 04:17:56.065334,58,109.9
2025-09-05 04:32:56.065334,58,102.69
2025-09-05 04:47:56.065334,58,104.31
2025-09-05 05:02:56.065334,58,94.09
2025-09-05 05:17:56.065334,58,88.01
2025-09-05 05:32:56.065334,58,101.68
2025-09-05 05:47:56.065334,58,100.09
2025-09-05 06:02:56.065334,58,96.0
2025-09-05 06:17:56.065334,58,78.38
2025-09-05 06:32:56.065334,58,108.5
2025-09-05 06:47:56.065334,58,101.64
2025-09-05 07:02:56.065334,58,108.79
2025-09-05 07:17:56.065334,58,111.7
2025-09-05 07:32:56.065334,58,93.55
2025-09-05 07:47:56.065334,58,99.66
2025-09-05 08:02:56.065334,58,88.62
2025-09-05 08:17:56.065334,58,95.89
2025-09-05 08:32:56.065334,58,88.67
2025-09-05 08:47:56.065334,58,107.29
2025-09-05 09:02:56.065334,58,89.46
2025-09-05 09:17:56.065334,58,91.59
2025-09-05 09:32:56.065334,58,132.65
2025-09-05 09:47:56.065334,58,100.49
2025-09-05 10:02:56.065334,58,97.51
2025-09-05 10:17:56.065334,58,111.17
2025-09-05 10:32:56.065334,58,125.54
2025-09-05 10:47:56.065334,58,122.23
2025-09-05 11:02:56.065334,58,98.92
2025-09-05 11:17:56.065334,58,128.98
2025-09-05 11:32:56.065334,58,110.12
2025-09-05 11:47:56.065334,58,96.54
2025-09-05 12:02:56.065334,58,112.05
2025-09-05 12:17:56.065334,58,109.18
2025-09-05 12:32:56.065334,58,117.51
2025-09-05 12:47:56.065334,58,91.73
2025-09-05 13:02:56.065334,58,93.64
2025-09-05 13:17:56.065334,58,107.23
2025-09-05 13:32:56.065334,58,93.61
2025-09-05 13:47:56.065334,58,90.68
2025-09-05 14:02:56.065334,58,112.06
2025-09-05 14:17:56.065334,58,122.96
2025-09-05 14:32:56.065334,58,113.14
2025-09-05 14:47:56.065334,58,106.55
2025-09-05 15:02:56.065334,58,87.76
2025-09-05 15:17:56.065334,49,
2025-09-05 15:17:56.065334,58,146.27
2025-09-05 15:32:56.065334,58,122.02
2025-09-05 15:47:56.065334,58,128.62
2025-09-05 16:02:56.065334,58,140.7
2025-09-05 16:17:56.065334,58,98.0
2025-09-05 16:32:56.065334,58,104.6
2025-09-05 16:47:56.065334,58,102.74
2025-09-05 17:02:56.065334,58,78.96
2025-09-05 17:17:56.065334,58,75.15
2025-09-05 17:32:56.065334,58,97.82
2025-09-05 17:47:56.065334,58,109.13
2025-09-05 18:02:56.065334,58,94.29
2025-09-05 18:17:56.065334,58,99.12
2025-09-05 18:32:56.065334,58,84.01
2025-09-05 18:47:56.065334,58,87.39
2025-09-05 19:02:56.065334,58,86.95
2025-09-05 19:17:56.065334,58,106.2
2025-09-05 19:32:56.065334,58,117.36
2025-09-05 19:47:56.065334,58,104.68
2025-09-05 20:02:56.065334,58,96.73
2025-09-05 20:17:56.065334,58,105.69
2025-09-05 20:32:56.065334,58,80.25
2025-09-05 20:47:56.065334,58,108.12
2025-09-05 21:02:56.065334,58,101.96
2025-09-05 21:17:56.065334,58,119.06
2025-09-05 21:32:56.065334,58,114.37
2025-09-05 21:47:56.065334,58,110.5
2025-09-05 22:02:56.065334,58,117.75
2025-09-05 22:17:56.065334,58,79.4
2025-09-05 22:32:56.065334,58,97.02
2025-09-05 22:47:56.065334,58,97.58
2025-09-05 23:02:56.065334,58,80.31
2025-09-05 23:17:56.065334,58,169.92
2025-09-05 23:17:56.065334,49,
2025-09-05 23:32:56.065334,58,141.14
2025-09-05 23:47:56.065334,58,124.09
2025-09-06 00:02:56.065334,58,100.06
2025-09-06 00:17:56.065334,58,129.62
2025-09-06 00:32:56.065334,58,100.42
2025-09-06 00:47:56.065334,58,107.93
2025-09-06 01:02:56.065334,58,67.58
2025-09-06 01:17:56.065334,58,86.7
2025-09-06 01:32:56.065334,58,98.87
2025-09-06 01:47:56.065334,58,88.13
2025-09-06 02:02:56.065334,58,104.74
2025-09-06 02:17:56.065334,58,91.4
2025-09-06 02:32:56.065334,58,104.74
2025-09-06 02:47:56.065334,58,105.26
2025-09-06 03:02:56.065334,58,80.09
2025-09-06 03:17:56.065334,58,116.02
2025-09-06 03:32:56.065334,58,88.31
2025-09-06 03:47:56.065334,58,115.6
2025-09-06 04:02:56.065334,58,86.69
2025-09-06 04:17:56.065334,58,95.81
2025-09-06 04:32:56.065334,58,99.62
2025-09-06 04:47:56.065334,58,98.1
2025-09-06 05:02:56.065334,58,74.03
2025-09-06 05:17:56.065334,58,104.04
2025-09-06 05:32:56.065334,58,103.95
2025-09-06 05:47:56.065334,58,95.59
2025-09-06 06:02:56.065334,58,74.69
2025-09-06 06:17:56.065334,58,95.84
2025-09-06 06:32:56.065334,58,104.71
2025-09-06 06:47:56.065334,58,98.12
2025-09-06 07:02:56.065334,58,89.68
2025-09-06 07:17:56.065334,58,104.47
2025-09-06 07:32:56.065334,58,111.19
2025-09-06 07:47:56.065334,58,111.06
2025-09-06 08:02:56.065334,58,104.14
2025-09-06 08:17:56.065334,58,94.29
2025-09-06 08:32:56.065334,58,114.67
2025-09-06 08:47:56.065334,58,104.13
2025-09-06 09:02:56.065334,58,99.9
2025-09-06 09:17:56.065334,58,95.79
2025-09-06 09:32:56.065334,58,125.66
2025-09-06 09:47:56.065334,58,120.47
2025-09-06 10:02:56.065334,58,100.73
2025-09-06 10:17:56.065334,58,94.59
2025-09-06 10:32:56.065334,58,112.89
2025-09-06 10:47:56.065334,58,93.18
2025-09-06 11:02:56.065334,58,94.89
2025-09-06 11:17:56.065334,58,115.7
2025-09-06 11:32:56.065334,58,111.34
2025-09-06 11:47:56.065334,58,114.83
2025-09-06 12:02:56.065334,58,99.32
2025-09-06 12:17:56.065334,58,89.69
2025-09-06 12:32:56.065334,58,104.84
2025-09-06 12:47:56.065334,58,97.41
2025-09-06 13:02:56.065334,58,106.87
2025-09-06 13:17:56.065334,58,118.84
2025-09-06 13:32:56.065334,58,86.3
2025-09-06 13:47:56.065334,58,72.59
2025-09-06 14:02:56.065334,58,83.84
2025-09-06 14:17:56.065334,58,103.06
2025-09-06 14:32:56.065334,58,100.74
2025-09-06 14:47:56.065334,58,82.63
2025-09-06 15:02:56.065334,58,84.11
2025-09-06 15:17:56.065334,58,80.5
2025-09-06 15:32:56.065334,58,82.26
2025-09-06 15:47:56.065334,58,109.93
2025-09-06 16:02:56.065334,58,118.9
2025-09-06 16:17:56.065334,58,90.93
2025-09-06 16:32:56.065334,58,81.23
2025-09-06 16:47:56.065334,58,88.14
2025-09-06 17:02:56.065334,58,106.49
2025-09-06 17:17:56.065334,58,94.35
2025-09-06 17:32:56.065334,58,87.93
2025-09-06 17:47:56.065334,58,87.19
2025-09-06 18:02:56.065334,58,105.88
2025-09-06 18:17:56.065334,58,96.94
2025-09-06 18:32:56.065334,58,104.92
2025-09-06 18:47:56.065334,58,88.66
2025-09-06 19:02:56.065334,58,94.24
2025-09-06 19:17:56.065334,58,103.0
2025-09-06 19:32:56.065334,58,118.0
2025-09-06 19:47:56.065334,58,82.73
2025-09-06 20:02:56.065334,58,78.06
2025-09-06 20:17:56.065334,58,120.22
2025-09-06 20:32:56.065334,58,101.32
2025-09-06 20:47:56.065334,58,87.94
2025-09-06 21:02:56.065334,58,79.54
2025-09-06 21:17:56.065334,58,95.86
2025-09-06 21:32:56.065334,58,79.39
2025-09-06 21:47:56.065334,58,114.3
2025-09-06 22:02:56.065334,58,87.33
2025-09-06 22:17:56.065334,58,113.43
2025-09-06 22:32:56.065334,58,87.44
2025-09-06 22:47:56.065334,58,113.68
2025-09-06 23:02:56.065334,58,107.52
2025-09-06 23:17:56.065334,58,115.46
2025-09-06 23:32:56.065334,58,108.84
2025-09-06 23:47:56.065334,58,122.39
2025-09-07 00:02:56.065334,58,91.46
2025-09-07 00:17:56.065334,58,100.25
2025-09-07 00:32:56.065334,58,104.41
2025-09-07 00:47:56.065334,58,93.95
2025-09-07 01:02:56.065334,58,73.09
2025-09-07 01:17:56.065334,58,94.88
2025-09-07 01:32:56.065334,58,110.41
2025-09-07 01:47:56.065334,58,107.48
2025-09-07 02:02:56.065334,58,67.24
2025-09-07 02:17:56.065334,58,151.97905277784866
2025-09-07 02:17:56.065334,49,
2025-09-07 02:32:56.065334,58,150.29
2025-09-07 02:47:56.065334,58,119.51
2025-09-07 03:02:56.065334,58,112.75
2025-09-07 03:17:56.065334,58,118.47
2025-09-07 03:32:56.065334,58,103.72
2025-09-07 03:47:56.065334,58,101.32
2025-09-07 04:02:56.065334,58,88.9
2025-09-07 04:17:56.065334,58,121.88
2025-09-07 04:32:56.065334,58,100.45
2025-09-07 04:47:56.065334,58,104.74
2025-09-07 05:02:56.065334,58,123.22
2025-09-07 05:17:56.065334,58,101.53
2025-09-07 05:32:56.065334,58,111.68
2025-09-07 05:47:56.065334,58,98.37
2025-09-07 06:02:56.065334,58,120.03
2025-09-07 06:17:56.065334,58,89.5
2025-09-07 06:32:56.065334,58,84.06
2025-09-07 06:47:56.065334,58,126.56
2025-09-07 07:02:56.065334,58,100.43
2025-09-07 07:17:56.065334,58,89.81
2025-09-07 07:32:56.065334,58,87.54
2025-09-07 07:47:56.065334,58,120.56
2025-09-07 08:02:56.065334,58,95.77
2025-09-07 08:17:56.065334,58,63.16
2025-09-07 08:32:56.065334,58,96.27
2025-09-07 08:47:56.065334,49,
2025-09-07 08:47:56.065334,58,151.45
2025-09-07 09:02:56.065334,58,128.17
2025-09-07 09:17:56.065334,58,141.97
2025-09-07 09:32:56.065334,58,113.03
2025-09-07 09:47:56.065334,58,107.58
2025-09-07 10:02:56.065334,58,103.45
2025-09-07 10:17:56.065334,58,73.06
2025-09-07 10:32:56.065334,58,116.47
2025-09-07 10:47:56.065334,58,126.28
2025-09-07 11:02:56.065334,58,121.62
2025-09-07 11:17:56.065334,58,98.99
2025-09-07 11:32:56.065334,58,91.27
2025-09-07 11:47:56.065334,58,84.69
2025-09-07 12:02:56.065334,58,114.89
2025-09-07 12:17:56.065334,58,90.11
2025-09-07 12:32:56.065334,58,96.75
2025-09-07 12:47:56.065334,58,111.44
2025-09-07 13:02:56.065334,58,104.78
2025-09-07 13:17:56.065334,58,113.23
2025-09-07 13:32:56.065334,58,102.02
2025-09-07 13:47:56.065334,58,93.1
2025-09-07 14:02:56.065334,58,108.22
2025-09-07 14:17:56.065334,58,94.51
2025-09-07 14:32:56.065334,58,119.54
2025-09-07 14:47:56.065334,58,88.2
2025-09-07 15:02:56.065334,58,93.41
2025-09-07 15:17:56.065334,58,103.86
2025-09-07 15:32:56.065334,58,79.42
2025-09-07 15:47:56.065334,58,96.27
2025-09-07 16:02:56.065334,58,100.59
2025-09-07 16:17:56.065334,58,101.75
2025-09-07 16:32:56.065334,58,85.22
2025-09-07 16:47:56.065334,58,106.59
2025-09-07 17:02:56.065334,58,75.05
2025-09-07 17:17:56.065334,58,77.93
2025-09-07 17:32:56.065334,58,94.6
2025-09-07 17:47:56.065334,58,91.82
2025-09-07 18:02:56.065334,58,95.86
2025-09-07 18:17:56.065334,58,112.14
2025-09-07 18:32:56.065334,58,101.06
2025-09-07 18:47:56.065334,58,78.63
2025-09-07 19:02:56.065334,58,93.34
2025-09-07 19:17:56.065334,58,93.83
2025-09-07 19:32:56.065334,58,111.0
2025-09-07 19:47:56.065334,58,121.14
2025-09-07 20:02:56.065334,58,116.35
2025-09-07 20:17:56.065334,58,76.08
2025-09-07 20:32:56.065334,58,78.31
2025-09-07 20:47:56.065334,58,125.17
2025-09-07 21:02:56.065334,58,103.64
2025-09-07 21:17:56.065334,58,95.65
2025-09-07 21:32:56.065334,58,99.79
2025-09-07 21:47:56.065334,49,
2025-09-07 21:47:56.065334,58,167.71
2025-09-07 22:02:56.065334,58,128.96
2025-09-07 22:17:56.065334,58,98.57
2025-09-07 22:32:56.065334,58,108.92
2025-09-07 22:47:56.065334,58,89.51
2025-09-07 23:02:56.065334,58,100.5
2025-09-07 23:17:56.065334,58,98.3
2025-09-07 23:32:56.065334,58,111.26
2025-09-07 23:47:56.065334,58,83.6
2025-09-08 00:02:56.065334,58,95.49
2025-09-08 00:17:56.065334,58,98.49
2025-09-08 00:32:56.065334,58,95.93
2025-09-08 00:47:56.065334,58,95.36
2025-09-08 01:02:56.065334,58,96.4
2025-09-08 01:17:56.065334,58,108.81
2025-09-08 01:32:56.065334,58,96.88
2025-09-08 01:47:56.065334,58,102.38
2025-09-08 02:02:56.065334,58,117.69
2025-09-08 02:17:56.065334,58,100.96
2025-09-08 02:32:56.065334,58,86.56
2025-09-08 02:47:56.065334,58,104.95
2025-09-08 03:02:56.065334,58,82.48
2025-09-08 03:17:56.065334,58,90.79
2025-09-08 03:32:56.065334,58,68.46
2025-09-08 03:47:56.065334,58,115.63
2025-09-08 04:02:56.065334,58,83.56
2025-09-08 04:17:56.065334,58,99.72
2025-09-08 04:32:56.065334,58,104.92
2025-09-08 04:47:56.065334,58,149.86
2025-09-08 04:47:56.065334,49,
2025-09-08 05:02:56.065334,58,115.66
2025-09-08 05:17:56.065334,58,132.84
2025-09-08 05:32:56.065334,58,129.3
2025-09-08 05:47:56.065334,58,93.65
2025-09-08 06:02:56.065334,58,90.45
2025-09-08 06:17:56.065334,58,104.22
2025-09-08 06:32:56.065334,58,94.08
2025-09-08 06:47:56.065334,58,86.75
2025-09-08 07:02:56.065334,58,103.13
2025-09-08 07:17:56.065334,58,97.09
2025-09-08 07:32:56.065334,58,120.15
2025-09-08 07:47:56.065334,58,86.8
2025-09-08 08:02:56.065334,58,94.54
2025-09-08 08:17:56.065334,58,93.41
2025-09-08 08:32:56.065334,58,93.85
2025-09-08 08:47:56.065334,58,110.02
2025-09-08 09:02:56.065334,58,97.67
2025-09-08 09:17:56.065334,58,101.16
2025-09-08 09:32:56.065334,58,94.05
2025-09-08 09:47:56.065334,58,84.28
2025-09-08 10:02:56.065334,58,103.98
2025-09-08 10:17:56.065334,58,103.15
2025-09-08 10:32:56.065334,58,94.62
2025-09-08 10:47:56.065334,58,101.4
2025-09-08 11:02:56.065334,58,97.49
2025-09-08 11:17:56.065334,58,109.66
2025-09-08 11:32:56.065334,58,89.83
2025-09-08 11:47:56.065334,58,88.36
2025-09-08 12:02:56.065334,58,76.68
2025-09-08 12:17:56.065334,58,79.38
2025-09-08 12:32:56.065334,58,108.21
2025-09-08 12:47:56.065334,58,108.54
2025-09-08 13:02:56.065334,58,91.69
2025-09-08 13:17:56.065334,58,151.83905277784868
2025-09-08 13:17:56.065334,49,
2025-09-08 13:32:56.065334,58,131.62
2025-09-08 13:47:56.065334,58,141.71
2025-09-08 14:02:56.065334,58,107.15
2025-09-08 14:17:56.065334,58,110.73
2025-09-08 14:32:56.065334,58,110.33
2025-09-08 14:47:56.065334,58,110.58
2025-09-08 15:02:56.065334,58,120.66
2025-09-08 15:17:56.065334,58,94.48
2025-09-08 15:32:56.065334,58,108.08
2025-09-08 15:47:56.065334,58,107.16
2025-09-08 16:02:56.065334,58,150.09905277784867
2025-09-08 16:02:56.065334,49,
2025-09-08 16:17:56.065334,58,143.91
2025-09-08 16:32:56.065334,58,148.69
2025-09-08 16:47:56.065334,58,103.3
2025-09-08 17:02:56.065334,58,106.42
2025-09-08 17:17:56.065334,58,99.1
2025-09-08 17:32:56.065334,58,110.24
2025-09-08 17:47:56.065334,58,92.17
2025-09-08 18:02:56.065334,58,105.41
2025-09-08 18:17:56.065334,58,97.56
2025-09-08 18:32:56.065334,58,102.43
2025-09-08 18:47:56.065334,58,84.03
2025-09-08 19:02:56.065334,58,110.56
2025-09-08 19:17:56.065334,58,103.63
2025-09-08 19:32:56.065334,58,102.61
2025-09-08 19:47:56.065334,58,86.02
2025-09-08 20:02:56.065334,58,88.56
2025-09-08 20:17:56.065334,58,94.73
2025-09-08 20:32:56.065334,58,132.32
2025-09-08 20:32:56.065334,49,
2025-09-08 20:47:56.065334,58,141.42
2025-09-08 21:02:56.065334,58,119.96
2025-09-08 21:17:56.065334,58,106.53
2025-09-08 21:32:56.065334,58,97.07
2025-09-08 21:47:56.065334,58,91.63
2025-09-08 22:02:56.065334,58,117.42
2025-09-08 22:17:56.065334,58,109.01
2025-09-08 22:32:56.065334,58,87.29
2025-09-08 22:47:56.065334,58,101.77
2025-09-08 23:02:56.065334,58,101.39
2025-09-08 23:17:56.065334,58,88.9
2025-09-08 23:32:56.065334,58,122.92
2025-09-08 23:47:56.065334,58,97.5
2025-09-09 00:02:56.065334,58,94.05
2025-09-09 00:17:56.065334,58,91.58
2025-09-09 00:32:56.065334,58,111.06
2025-09-09 00:47:56.065334,58,84.34
2025-09-09 01:02:56.065334,58,85.15
2025-09-09 01:17:56.065334,58,95.4
2025-09-09 01:32:56.065334,58,88.72
2025-09-09 01:47:56.065334,58,82.08
2025-09-09 02:02:56.065334,58,76.97
2025-09-09 02:17:56.065334,58,103.53
2025-09-09 02:32:56.065334,58,100.33
2025-09-09 02:47:56.065334,58,104.83
2025-09-09 03:02:56.065334,58,114.99
2025-09-09 03:17:56.065334,58,100.1
2025-09-09 03:32:56.065334,49,
2025-09-09 03:32:56.065334,58,141.16
2025-09-09 03:47:56.065334,58,140.32
2025-09-09 04:02:56.065334,58,120.13
2025-09-09 04:17:56.065334,58,129.6
2025-09-09 04:32:56.065334,58,110.48
2025-09-09 04:47:56.065334,58,112.71
2025-09-09 05:02:56.065334,58,114.71
2025-09-09 05:17:56.065334,58,88.22
2025-09-09 05:32:56.065334,58,103.31
2025-09-09 05:47:56.065334,58,108.92
2025-09-09 06:02:56.065334,58,87.01
2025-09-09 06:17:56.065334,58,90.56
2025-09-09 06:32:56.065334,58,107.17
2025-09-09 06:47:56.065334,58,101.52
2025-09-09 07:02:56.065334,58,84.69
2025-09-09 07:17:56.065334,58,101.74
2025-09-09 07:32:56.065334,58,113.39
2025-09-09 07:47:56.065334,58,99.28
2025-09-09 08:02:56.065334,49,
2025-09-09 08:02:56.065334,58,152.79
2025-09-09 08:17:56.065334,58,135.56
2025-09-09 08:32:56.065334,58,112.39
2025-09-09 08:47:56.065334,58,135.87
2025-09-09 09:02:56.065334,58,117.64
2025-09-09 09:17:56.065334,58,96.09
2025-09-09 09:32:56.065334,49,
2025-09-09 09:32:56.065334,58,134.21
2025-09-09 09:47:56.065334,58,116.01
2025-09-09 10:02:56.065334,58,99.34
2025-09-09 10:17:56.065334,58,113.64
2025-09-09 10:32:56.065334,58,108.89
2025-09-09 10:47:56.065334,58,119.16
2025-09-09 11:02:56.065334,58,92.22
2025-09-09 11:17:56.065334,58,117.95
2025-09-09 11:32:56.065334,58,118.06
2025-09-09 11:47:56.065334,58,101.1
2025-09-09 12:02:56.065334,58,96.52
2025-09-09 12:17:56.065334,58,105.22
2025-09-09 12:32:56.065334,58,100.99
2025-09-09 12:47:56.065334,58,139.98
2025-09-09 12:47:56.065334,49,
2025-09-09 13:02:56.065334,58,133.96
2025-09-09 13:17:56.065334,58,110.5
2025-09-09 13:32:56.065334,58,89.27
2025-09-09 13:47:56.065334,58,97.06
2025-09-09 14:02:56.065334,58,117.5
2025-09-09 14:17:56.065334,58,103.0
2025-09-09 14:32:56.065334,58,102.59
2025-09-09 14:47:56.065334,58,90.07
2025-09-09 15:02:56.065334,58,98.26
2025-09-09 15:17:56.065334,58,102.53
2025-09-09 15:32:56.065334,58,110.92
2025-09-09 15:47:56.065334,58,112.43
2025-09-09 16:02:56.065334,58,107.89
2025-09-09 16:17:56.065334,58,87.23
2025-09-09 16:32:56.065334,58,100.38
2025-09-09 16:47:56.065334,58,125.39
2025-09-09 16:47:56.065334,49,
2025-09-09 17:02:56.065334,58,116.54
2025-09-09 17:17:56.065334,58,119.95
2025-09-09 17:32:56.065334,58,79.66
2025-09-09 17:47:56.065334,58,102.51
2025-09-09 18:02:56.065334,58,115.45
2025-09-09 18:17:56.065334,58,116.03
2025-09-09 18:32:56.065334,49,
2025-09-09 18:32:56.065334,58,146.12
2025-09-09 18:47:56.065334,58,132.87
2025-09-09 19:02:56.065334,58,104.05
2025-09-09 19:17:56.065334,58,94.3
2025-09-09 19:32:56.065334,58,99.43
2025-09-09 19:47:56.065334,58,79.14
2025-09-09 20:02:56.065334,58,75.37
2025-09-09 20:17:56.065334,58,102.44
2025-09-09 20:32:56.065334,58,94.65
2025-09-09 20:47:56.065334,58,87.02
2025-09-09 21:02:56.065334,58,97.35
2025-09-09 21:17:56.065334,58,96.8
2025-09-09 21:32:56.065334,58,82.16
2025-09-09 21:47:56.065334,58,107.22
2025-09-09 22:02:56.065334,58,105.08
2025-09-09 22:17:56.065334,58,76.34
2025-09-09 22:32:56.065334,58,86.14
2025-09-09 22:47:56.065334,58,94.01
2025-09-09 23:02:56.065334,58,115.55
2025-09-09 23:17:56.065334,58,94.65
2025-09-09 23:32:56.065334,58,94.0
2025-09-09 23:47:56.065334,58,69.94
2025-09-10 00:02:56.065334,58,103.49
2025-09-10 00:17:56.065334,58,103.75
2025-09-10 00:32:56.065334,58,89.4
2025-09-10 00:47:56.065334,58,64.12
2025-09-10 01:02:56.065334,58,116.24
2025-09-10 01:17:56.065334,58,111.84
2025-09-10 01:32:56.065334,58,95.39
2025-09-10 01:47:56.065334,58,133.56
2025-09-10 02:02:56.065334,58,91.72
2025-09-10 02:17:56.065334,58,76.43
2025-09-10 02:32:56.065334,49,
2025-09-10 02:32:56.065334,58,146.09
2025-09-10 02:47:56.065334,58,151.93
2025-09-10 03:02:56.065334,58,115.94
2025-09-10 03:17:56.065334,58,109.56
2025-09-10 03:32:56.065334,58,105.97
2025-09-10 03:47:56.065334,58,116.91
2025-09-10 04:02:56.065334,58,104.5
2025-09-10 04:17:56.065334,58,78.85
2025-09-10 04:32:56.065334,58,84.08
2025-09-10 04:47:56.065334,58,111.07
2025-09-10 05:02:56.065334,58,114.05
2025-09-10 05:02:56.065334,49,
2025-09-10 05:17:56.065334,58,126.72
2025-09-10 05:32:56.065334,58,127.21
2025-09-10 05:47:56.065334,58,97.47
2025-09-10 06:02:56.065334,58,101.52
2025-09-10 06:17:56.065334,58,107.43
2025-09-10 06:32:56.065334,58,98.66
2025-09-10 06:47:56.065334,58,107.27
2025-09-10 07:02:56.065334,58,108.64
2025-09-10 07:17:56.065334,58,92.31
2025-09-10 07:32:56.065334,58,94.72
2025-09-10 07:47:56.065334,58,100.88
2025-09-10 08:02:56.065334,58,95.32
2025-09-10 08:17:56.065334,58,101.03
2025-09-10 08:32:56.065334,58,89.7
2025-09-10 08:47:56.065334,58,89.89
2025-09-10 09:02:56.065334,58,100.96
2025-09-10 09:17:56.065334,58,102.22
2025-09-10 09:32:56.065334,58,80.7
2025-09-10 09:47:56.065334,58,97.99
2025-09-10 10:02:56.065334,58,110.45
2025-09-10 10:17:56.065334,58,94.71
2025-09-10 10:32:56.065334,58,99.01
2025-09-10 10:47:56.065334,58,91.97
2025-09-10 11:02:56.065334,58,96.26
2025-09-10 11:17:56.065334,58,160.63905277784866
2025-09-10 11:17:56.065334,49,
2025-09-10 11:32:56.065334,58,133.2
2025-09-10 11:47:56.065334,58,129.51
2025-09-10 12:02:56.065334,58,123.35
2025-09-10 12:17:56.065334,58,131.33
2025-09-10 12:32:56.065334,58,106.71
2025-09-10 12:47:56.065334,58,109.44
2025-09-10 13:02:56.065334,58,94.03
2025-09-10 13:17:56.065334,58,91.63
2025-09-10 13:32:56.065334,58,94.34
2025-09-10 13:47:56.065334,58,79.28
2025-09-10 14:02:56.065334,58,107.11
2025-09-10 14:17:56.065334,58,100.07
2025-09-10 14:32:56.065334,58,102.3
2025-09-10 14:47:56.065334,58,95.27
2025-09-10 15:02:56.065334,58,80.97
2025-09-10 15:17:56.065334,58,94.53
2025-09-10 15:32:56.065334,58,100.23
2025-09-10 15:47:56.065334,58,109.49
2025-09-10 16:02:56.065334,58,111.96
2025-09-10 16:17:56.065334,58,95.96
2025-09-10 16:32:56.065334,58,89.02
2025-09-10 16:47:56.065334,58,92.72
2025-09-10 17:02:56.065334,58,83.43
2025-09-10 17:17:56.065334,58,114.82
2025-09-10 17:32:56.065334,58,100.52
2025-09-10 17:47:56.065334,58,114.03
2025-09-10 18:02:56.065334,58,90.59
2025-09-10 18:17:56.065334,58,107.18
2025-09-10 18:32:56.065334,58,117.52
2025-09-10 18:47:56.065334,58,82.34
2025-09-10 19:02:56.065334,58,93.54
2025-09-10 19:17:56.065334,58,108.66
2025-09-10 19:32:56.065334,58,79.7
2025-09-10 19:47:56.065334,58,98.53
2025-09-10 20:02:56.065334,58,89.47
2025-09-10 20:17:56.065334,58,118.73
2025-09-10 20:32:56.065334,58,103.28
2025-09-10 20:47:56.065334,58,106.89
2025-09-10 21:02:56.065334,58,106.01
2025-09-10 21:17:56.065334,58,65.56
2025-09-10 21:32:56.065334,58,100.51
2025-09-10 21:47:56.065334,58,76.38
2025-09-10 22:02:56.065334,58,97.37
2025-09-10 22:17:56.065334,58,99.29
2025-09-10 22:32:56.065334,58,157.23905277784866
2025-09-10 22:32:56.065334,49,
2025-09-10 22:47:56.065334,58,138.69
2025-09-10 23:02:56.065334,58,139.67
2025-09-10 23:17:56.065334,58,107.67
2025-09-10 23:32:56.065334,58,89.39
2025-09-10 23:47:56.065334,58,104.14
2025-09-11 00:02:56.065334,58,95.36
2025-09-11 00:17:56.065334,58,77.6
2025-09-11 00:32:56.065334,58,120.2
2025-09-11 00:47:56.065334,58,114.19
2025-09-11 01:02:56.065334,58,99.92
2025-09-11 01:17:56.065334,58,106.49
2025-09-11 01:32:56.065334,58,106.37
2025-09-11 01:47:56.065334,58,109.01
2025-09-11 02:02:56.065334,58,97.18
2025-09-11 02:17:56.065334,58,93.6
2025-09-11 02:32:56.065334,58,135.57
2025-09-11 02:47:56.065334,58,109.29
2025-09-11 03:02:56.065334,58,105.19
2025-09-11 03:17:56.065334,58,146.03
2025-09-11 03:17:56.065334,49,
2025-09-11 03:32:56.065334,58,159.91
2025-09-11 03:47:56.065334,58,101.4
2025-09-11 04:02:56.065334,58,73.31
2025-09-11 04:17:56.065334,58,97.13
2025-09-11 04:32:56.065334,58,105.82
2025-09-11 04:47:56.065334,58,86.46
2025-09-11 05:02:56.065334,58,112.97
2025-09-11 05:17:56.065334,58,107.05
2025-09-11 05:32:56.065334,58,88.77
2025-09-11 05:47:56.065334,58,99.63
2025-09-11 06:02:56.065334,58,99.31
2025-09-11 06:17:56.065334,58,101.19
2025-09-11 06:32:56.065334,58,131.52
2025-09-11 06:32:56.065334,49,
2025-09-11 06:47:56.065334,58,97.72
2025-09-11 07:02:56.065334,58,120.71
2025-09-11 07:17:56.065334,58,111.64
2025-09-11 07:32:56.065334,58,83.39
2025-09-11 07:47:56.065334,58,106.25
2025-09-11 08:02:56.065334,58,108.3
2025-09-11 08:17:56.065334,58,109.37
2025-09-11 08:32:56.065334,58,97.86
2025-09-11 08:47:56.065334,58,98.75
2025-09-11 09:02:56.065334,58,125.87
2025-09-11 09:17:56.065334,58,114.59
2025-09-11 09:32:56.065334,58,116.7
2025-09-11 09:47:56.065334,58,96.34
2025-09-11 10:02:56.065334,58,112.34
2025-09-11 10:17:56.065334,58,109.54
2025-09-11 10:32:56.065334,58,92.22
2025-09-11 10:47:56.065334,58,94.13
2025-09-11 11:02:56.065334,58,92.32
2025-09-11 11:17:56.065334,58,92.77
2025-09-11 11:32:56.065334,58,98.27
2025-09-11 11:47:56.065334,58,103.99
2025-09-11 12:02:56.065334,58,101.49
2025-09-11 12:17:56.065334,58,113.34
2025-09-11 12:32:56.065334,58,86.23
2025-09-11 12:47:56.065334,58,96.91
2025-09-11 13:02:56.065334,58,136.65
2025-09-11 13:17:56.065334,58,97.33
2025-09-11 13:32:56.065334,58,87.28
2025-09-11 13:47:56.065334,58,112.72
2025-09-11 14:02:56.065334,58,118.48
2025-09-11 14:17:56.065334,58,96.17
2025-09-11 14:32:56.065334,58,87.76
2025-09-11 14:47:56.065334,58,100.24
2025-09-11 15:02:56.065334,58,110.25
2025-09-11 15:17:56.065334,58,90.4
2025-09-11 15:32:56.065334,58,98.7
2025-09-11 15:47:56.065334,58,91.78
2025-09-11 16:02:56.065334,58,101.93
2025-09-11 16:17:56.065334,58,98.37
2025-09-11 16:32:56.065334,58,106.9
2025-09-11 16:47:56.065334,58,89.74
2025-09-11 17:02:56.065334,58,95.95
2025-09-11 17:17:56.065334,58,101.12
2025-09-11 17:32:56.065334,58,112.44
2025-09-11 17:47:56.065334,58,100.05
2025-09-11 18:02:56.065334,58,100.92
2025-09-11 18:17:56.065334,58,118.8
2025-09-11 18:32:56.065334,49,
2025-09-11 18:32:56.065334,58,131.38
2025-09-11 18:47:56.065334,58,112.68
2025-09-11 19:02:56.065334,58,122.69
2025-09-11 19:17:56.065334,58,106.44
2025-09-11 19:32:56.065334,58,108.85
2025-09-11 19:47:56.065334,58,89.11
2025-09-11 20:02:56.065334,58,91.0
2025-09-11 20:17:56.065334,58,98.01
2025-09-11 20:32:56.065334,58,102.75
2025-09-11 20:47:56.065334,58,104.41
2025-09-11 21:02:56.065334,58,102.78
2025-09-11 21:17:56.065334,58,94.6
2025-09-11 21:32:56.065334,58,116.23
2025-09-11 21:47:56.065334,58,104.23
2025-09-11 22:02:56.065334,58,100.54
2025-09-11 22:17:56.065334,58,198.18905277784867
2025-09-11 22:17:56.065334,49,
2025-09-11 22:32:56.065334,58,165.89
2025-09-11 22:47:56.065334,58,148.3
2025-09-11 23:02:56.065334,58,124.68
2025-09-11 23:17:56.065334,58,104.99
2025-09-11 23:32:56.065334,58,113.41
2025-09-11 23:47:56.065334,58,97.63
2025-09-12 00:02:56.065334,58,80.75
2025-09-12 00:17:56.065334,58,106.23
2025-09-12 00:32:56.065334,58,115.73
2025-09-12 00:47:56.065334,58,93.03
2025-09-12 01:02:56.065334,58,107.61
2025-09-12 01:17:56.065334,58,142.82
2025-09-12 01:17:56.065334,49,
2025-09-12 01:32:56.065334,58,124.0
2025-09-12 01:47:56.065334,58,132.85
2025-09-12 02:02:56.065334,58,93.3
2025-09-12 02:17:56.065334,58,112.88
2025-09-12 02:32:56.065334,58,105.62
2025-09-12 02:47:56.065334,58,112.6
2025-09-12 03:02:56.065334,58,100.62
2025-09-12 03:17:56.065334,58,101.61
2025-09-12 03:32:56.065334,58,112.32
2025-09-12 03:47:56.065334,49,
2025-09-12 03:47:56.065334,58,160.0
2025-09-12 04:02:56.065334,58,135.82
2025-09-12 04:17:56.065334,58,143.37
2025-09-12 04:32:56.065334,58,117.02
2025-09-12 04:47:56.065334,58,111.24
2025-09-12 05:02:56.065334,58,100.03
2025-09-12 05:17:56.065334,58,94.91
2025-09-12 05:32:56.065334,58,119.62
2025-09-12 05:47:56.065334,58,114.33
2025-09-12 06:02:56.065334,58,87.07
2025-09-12 06:17:56.065334,58,168.27905277784868
2025-09-12 06:17:56.065334,49,
2025-09-12 06:32:56.065334,58,157.57
2025-09-12 06:47:56.065334,58,126.91
2025-09-12 07:02:56.065334,58,119.6
2025-09-12 07:17:56.065334,58,100.08
2025-09-12 07:32:56.065334,58,106.01
2025-09-12 07:47:56.065334,58,88.7
2025-09-12 08:02:56.065334,58,117.38
2025-09-12 08:17:56.065334,58,107.67
2025-09-12 08:32:56.065334,58,103.96
2025-09-12 08:47:56.065334,58,102.93
2025-09-12 09:02:56.065334,58,89.93
2025-09-12 09:17:56.065334,58,75.46
2025-09-12 09:32:56.065334,58,83.09
2025-09-12 09:47:56.065334,58,105.53
2025-09-12 10:02:56.065334,58,95.56
2025-09-12 10:17:56.065334,58,113.15
2025-09-12 10:32:56.065334,58,88.71
2025-09-12 10:47:56.065334,58,113.34
2025-09-12 11:02:56.065334,58,66.11
2025-09-12 11:17:56.065334,58,87.27
2025-09-12 11:32:56.065334,58,101.93
2025-09-12 11:47:56.065334,58,114.1
2025-09-12 12:02:56.065334,58,94.74
2025-09-12 12:17:56.065334,58,102.65
2025-09-12 12:32:56.065334,58,110.33
2025-09-12 12:47:56.065334,58,109.92
2025-09-12 13:02:56.065334,58,104.38
2025-09-12 13:17:56.065334,58,109.5
2025-09-12 13:32:56.065334,58,95.55
2025-09-12 13:47:56.065334,58,80.17
2025-09-12 14:02:56.065334,58,79.52
2025-09-12 14:17:56.065334,58,90.4
2025-09-12 14:32:56.065334,58,111.87
2025-09-12 14:47:56.065334,58,104.66
2025-09-12 15:02:56.065334,58,108.87
2025-09-12 15:17:56.065334,58,125.58
2025-09-12 15:32:56.065334,58,108.93
2025-09-12 15:47:56.065334,58,110.75
2025-09-12 16:02:56.065334,58,102.02
2025-09-12 16:17:56.065334,58,107.28
2025-09-12 16:32:56.065334,58,85.33
2025-09-12 16:47:56.065334,58,110.46
2025-09-12 17:02:56.065334,58,98.61
2025-09-12 17:17:56.065334,58,109.62
2025-09-12 17:32:56.065334,58,102.84
2025-09-12 17:47:56.065334,58,100.33
2025-09-12 18:02:56.065334,58,107.4
2025-09-12 18:17:56.065334,58,101.32
2025-09-12 18:32:56.065334,58,112.87
2025-09-12 18:47:56.065334,58,85.81
2025-09-12 19:02:56.065334,58,103.36
2025-09-12 19:17:56.065334,58,152.68905277784867
2025-09-12 19:17:56.065334,49,
2025-09-12 19:32:56.065334,58,197.96905277784867
2025-09-12 19:32:56.065334,49,
2025-09-12 19:47:56.065334,58,148.79905277784866
2025-09-12 20:02:56.065334,58,129.4
2025-09-12 20:17:56.065334,58,108.92
2025-09-12 20:32:56.065334,58,123.65
2025-09-12 20:47:56.065334,58,109.57
2025-09-12 21:02:56.065334,58,120.35
2025-09-12 21:17:56.065334,49,
2025-09-12 21:17:56.065334,58,110.71
2025-09-12 21:32:56.065334,58,122.1
2025-09-12 21:47:56.065334,58,87.87
2025-09-12 22:02:56.065334,58,100.7
2025-09-12 22:17:56.065334,58,123.11
2025-09-12 22:32:56.065334,58,84.25
2025-09-12 22:47:56.065334,58,146.47
2025-09-12 22:47:56.065334,49,
2025-09-12 23:02:56.065334,58,131.1
2025-09-12 23:17:56.065334,58,131.77
2025-09-12 23:32:56.065334,58,109.93
2025-09-12 23:47:56.065334,58,90.43
2025-09-13 00:02:56.065334,58,88.84
2025-09-13 00:17:56.065334,58,96.17
2025-09-13 00:32:56.065334,58,83.35
2025-09-13 00:47:56.065334,58,98.19
2025-09-13 01:02:56.065334,58,86.19
2025-09-13 01:17:56.065334,58,115.39
2025-09-13 01:32:56.065334,58,97.9
2025-09-13 01:47:56.065334,58,82.55
2025-09-13 02:02:56.065334,58,88.15
2025-09-13 02:17:56.065334,58,96.86
2025-09-13 02:32:56.065334,58,95.26
2025-09-13 02:47:56.065334,58,101.98
2025-09-13 03:02:56.065334,58,106.27
2025-09-13 03:17:56.065334,58,90.2
2025-09-13 03:32:56.065334,58,120.44
2025-09-13 03:47:56.065334,58,99.73
2025-09-13 04:02:56.065334,58,97.53
2025-09-13 04:17:56.065334,58,100.48
2025-09-13 04:32:56.065334,58,98.72
2025-09-13 04:47:56.065334,58,113.87
2025-09-13 05:02:56.065334,58,93.24
2025-09-13 05:17:56.065334,58,82.56
2025-09-13 05:32:56.065334,58,112.38
2025-09-13 05:47:56.065334,58,98.67
2025-09-13 06:02:56.065334,58,95.86
2025-09-13 06:17:56.065334,58,66.36
2025-09-13 06:32:56.065334,58,101.01
2025-09-13 06:47:56.065334,58,63.24
2025-09-13 07:02:56.065334,58,118.49
2025-09-13 07:17:56.065334,58,107.68
2025-09-13 07:32:56.065334,58,89.61
2025-09-13 07:47:56.065334,58,101.42
2025-09-13 08:02:56.065334,58,87.81
2025-09-13 08:17:56.065334,58,84.92
2025-09-13 08:32:56.065334,58,96.4
2025-09-13 08:47:56.065334,58,105.69
2025-09-13 09:02:56.065334,58,104.15
2025-09-13 09:17:56.065334,58,97.44
2025-09-13 09:32:56.065334,58,110.91
2025-09-13 09:47:56.065334,58,114.1
2025-09-13 10:02:56.065334,58,118.91
2025-09-13 10:17:56.065334,58,95.27
2025-09-13 10:32:56.065334,58,84.8
2025-09-13 10:47:56.065334,58,93.18
2025-09-13 11:02:56.065334,58,96.95
2025-09-13 11:17:56.065334,58,90.01
2025-09-13 11:32:56.065334,58,92.27
2025-09-13 11:47:56.065334,58,101.36
2025-09-13 12:02:56.065334,58,101.56
2025-09-13 12:17:56.065334,58,121.4
2025-09-13 12:32:56.065334,58,111.8
2025-09-13 12:47:56.065334,58,82.72
2025-09-13 13:02:56.065334,58,88.89
2025-09-13 13:17:56.065334,58,94.01
2025-09-13 13:32:56.065334,58,106.29
2025-09-13 13:47:56.065334,58,99.48
2025-09-13 14:02:56.065334,58,97.02
2025-09-13 14:17:56.065334,58,98.16
2025-09-13 14:32:56.065334,58,107.32
2025-09-13 14:47:56.065334,58,114.9
2025-09-13 15:02:56.065334,58,91.24
2025-09-13 15:17:56.065334,58,100.49
2025-09-13 15:32:56.065334,58,104.69
2025-09-13 15:47:56.065334,58,124.86
2025-09-13 15:47:56.065334,49,
2025-09-13 16:02:56.065334,58,123.14
2025-09-13 16:17:56.065334,58,85.73
2025-09-13 16:32:56.065334,58,99.06
2025-09-13 16:47:56.065334,58,130.99
2025-09-13 17:02:56.065334,58,121.55
2025-09-13 17:17:56.065334,58,111.02
2025-09-13 17:32:56.065334,58,91.33
2025-09-13 17:47:56.065334,58,83.5
2025-09-13 18:02:56.065334,58,108.79
2025-09-13 18:17:56.065334,58,101.32
2025-09-13 18:32:56.065334,58,106.3
2025-09-13 18:47:56.065334,58,96.88
2025-09-13 19:02:56.065334,58,87.17
2025-09-13 19:17:56.065334,58,98.83
2025-09-13 19:32:56.065334,58,95.08
2025-09-13 19:47:56.065334,58,88.78
2025-09-13 20:02:56.065334,58,108.95
2025-09-13 20:17:56.065334,58,87.38
2025-09-13 20:32:56.065334,49,
2025-09-13 20:32:56.065334,58,160.86
2025-09-13 20:47:56.065334,58,153.72
2025-09-13 21:02:56.065334,58,138.56
2025-09-13 21:17:56.065334,58,119.92
2025-09-13 21:32:56.065334,58,104.97
2025-09-13 21:47:56.065334,58,98.27
2025-09-13 22:02:56.065334,58,113.87
2025-09-13 22:17:56.065334,58,91.45
2025-09-13 22:32:56.065334,58,77.65
2025-09-13 22:47:56.065334,58,82.28
2025-09-13 23:02:56.065334,58,95.05
2025-09-13 23:17:56.065334,58,89.55
2025-09-13 23:32:56.065334,58,95.86
2025-09-13 23:47:56.065334,58,120.27
2025-09-14 00:02:56.065334,58,105.2
2025-09-14 00:17:56.065334,58,106.07
2025-09-14 00:32:56.065334,58,115.18
2025-09-14 00:47:56.065334,58,98.8
2025-09-14 01:02:56.065334,58,79.99
2025-09-14 01:17:56.065334,58,86.0
2025-09-14 01:32:56.065334,58,95.19
2025-09-14 01:47:56.065334,58,92.66
2025-09-14 02:02:56.065334,58,100.44
2025-09-14 02:17:56.065334,58,81.39
2025-09-14 02:32:56.065334,58,110.09
2025-09-14 02:47:56.065334,58,90.51
2025-09-14 03:02:56.065334,58,97.85
2025-09-14 03:17:56.065334,58,99.11
2025-09-14 03:32:56.065334,58,97.62
2025-09-14 03:47:56.065334,58,70.52
2025-09-14 04:02:56.065334,58,106.0
2025-09-14 04:17:56.065334,58,80.1
2025-09-14 04:32:56.065334,58,110.41
2025-09-14 04:47:56.065334,58,103.14
2025-09-14 05:02:56.065334,58,78.47
2025-09-14 05:17:56.065334,58,109.45
2025-09-14 05:32:56.065334,58,90.13
2025-09-14 05:47:56.065334,58,82.78
2025-09-14 06:02:56.065334,58,101.48
2025-09-14 06:17:56.065334,58,86.21
2025-09-14 06:32:56.065334,58,89.31
2025-09-14 06:47:56.065334,58,92.13
2025-09-14 07:02:56.065334,58,67.72
2025-09-14 07:17:56.065334,58,99.27
2025-09-14 07:32:56.065334,58,99.34
2025-09-14 07:47:56.065334,49,
2025-09-14 07:47:56.065334,58,139.14
2025-09-14 08:02:56.065334,58,116.91
2025-09-14 08:17:56.065334,58,121.92
2025-09-14 08:32:56.065334,58,114.76
2025-09-14 08:47:56.065334,58,91.65
2025-09-14 09:02:56.065334,58,117.94
2025-09-14 09:17:56.065334,58,101.59
2025-09-14 09:32:56.065334,58,104.2
2025-09-14 09:47:56.065334,58,88.88
2025-09-14 10:02:56.065334,58,112.84
2025-09-14 10:17:56.065334,49,
2025-09-14 10:17:56.065334,58,173.71905277784867
2025-09-14 10:32:56.065334,58,205.53905277784867
2025-09-14 10:32:56.065334,49,
2025-09-14 10:47:56.065334,58,152.51905277784866
2025-09-14 11:02:56.065334,58,156.68
2025-09-14 11:17:56.065334,58,118.87
2025-09-14 11:32:56.065334,58,101.44
2025-09-14 11:47:56.065334,58,103.15
2025-09-14 12:02:56.065334,58,101.96
2025-09-14 12:17:56.065334,49,
2025-09-14 12:17:56.065334,58,152.41
2025-09-14 12:32:56.065334,58,127.71
2025-09-14 12:47:56.065334,58,116.46
2025-09-14 13:02:56.065334,58,93.19
2025-09-14 13:17:56.065334,58,103.89
2025-09-14 13:32:56.065334,58,114.19
2025-09-14 13:47:56.065334,58,115.56
2025-09-14 14:02:56.065334,58,93.66
2025-09-14 14:17:56.065334,58,94.29
2025-09-14 14:32:56.065334,58,78.41
2025-09-14 14:47:56.065334,58,110.61
2025-09-14 15:02:56.065334,58,78.32
2025-09-14 15:17:56.065334,58,86.29
2025-09-14 15:32:56.065334,58,97.93
2025-09-14 15:47:56.065334,58,109.35
2025-09-14 16:02:56.065334,58,99.47
2025-09-14 16:17:56.065334,58,110.73
2025-09-14 16:32:56.065334,58,105.67
2025-09-14 16:47:56.065334,58,121.78
2025-09-14 17:02:56.065334,58,86.62
2025-09-14 17:17:56.065334,58,84.61
2025-09-14 17:32:56.065334,49,
2025-09-14 17:32:56.065334,58,158.06
2025-09-14 17:47:56.065334,58,130.59
2025-09-14 18:02:56.065334,58,108.12
2025-09-14 18:17:56.065334,58,123.18
2025-09-14 18:32:56.065334,58,96.61
2025-09-14 18:47:56.065334,58,102.1
2025-09-14 19:02:56.065334,58,96.54
2025-09-14 19:17:56.065334,58,94.19
2025-09-14 19:32:56.065334,58,115.28
2025-09-14 19:47:56.065334,58,91.39
2025-09-14 20:02:56.065334,58,118.36
2025-09-14 20:17:56.065334,58,97.86
2025-09-14 20:32:56.065334,58,101.92
2025-09-14 20:47:56.065334,58,93.9
2025-09-14 21:02:56.065334,58,108.63
2025-09-14 21:17:56.065334,58,98.04
2025-09-14 21:32:56.065334,58,87.4
2025-09-14 21:47:56.065334,58,98.55
2025-09-14 22:02:56.065334,58,83.13
2025-09-14 22:02:56.065334,49,
2025-09-14 22:17:56.065334,58,97.45
2025-09-14 22:32:56.065334,58,167.07905277784866
2025-09-14 22:32:56.065334,49,
2025-09-14 22:47:56.065334,58,162.81
2025-09-14 23:02:56.065334,58,147.67
2025-09-14 23:17:56.065334,58,110.09
2025-09-14 23:32:56.065334,58,113.23
2025-09-14 23:47:56.065334,58,96.4
2025-09-15 00:02:56.065334,49,
2025-09-15 00:02:56.065334,58,121.48
2025-09-15 00:17:56.065334,58,91.1
2025-09-15 00:32:56.065334,58,110.7
2025-09-15 00:47:56.065334,58,98.51
2025-09-15 01:02:56.065334,58,99.53
2025-09-15 01:17:56.065334,58,93.84
2025-09-15 01:32:56.065334,58,85.55
2025-09-15 01:47:56.065334,58,107.35
2025-09-15 02:02:56.065334,58,93.02
2025-09-15 02:17:56.065334,58,123.83
2025-09-15 02:32:56.065334,58,100.98
2025-09-15 02:47:56.065334,58,97.21
2025-09-15 03:02:56.065334,58,106.7
2025-09-15 03:17:56.065334,58,105.39
2025-09-15 03:32:56.065334,58,101.19
2025-09-15 03:47:56.065334,58,74.68
2025-09-15 04:02:56.065334,58,84.71
2025-09-15 04:17:56.065334,58,95.44
2025-09-15 04:32:56.065334,58,108.6
2025-09-15 04:47:56.065334,58,93.83
2025-09-15 05:02:56.065334,58,83.5
2025-09-15 05:17:56.065334,58,75.33
2025-09-15 05:32:56.065334,58,114.35
2025-09-15 05:47:56.065334,58,105.39
2025-09-15 06:02:56.065334,58,99.88
2025-09-15 06:17:56.065334,58,109.32
2025-09-15 06:32:56.065334,58,103.18
2025-09-15 06:47:56.065334,58,95.53
2025-09-15 07:02:56.065334,58,105.61
2025-09-15 07:17:56.065334,58,89.75
2025-09-15 07:32:56.065334,58,93.0
2025-09-15 07:47:56.065334,58,102.37
2025-09-15 08:02:56.065334,58,107.52
2025-09-15 08:17:56.065334,58,88.9
2025-09-15 08:32:56.065334,58,87.48
2025-09-15 08:47:56.065334,58,97.13
2025-09-15 09:02:56.065334,58,96.55
2025-09-15 09:17:56.065334,58,113.02
2025-09-15 09:32:56.065334,58,104.99
2025-09-15 09:47:56.065334,58,108.4
2025-09-15 10:02:56.065334,58,92.83
2025-09-15 10:17:56.065334,58,88.74
2025-09-15 10:32:56.065334,58,118.63
2025-09-15 10:47:56.065334,58,93.13
2025-09-15 11:02:56.065334,58,89.19
2025-09-15 11:17:56.065334,58,95.74
2025-09-15 11:32:56.065334,58,121.67
2025-09-15 11:47:56.065334,58,95.31
2025-09-15 12:02:56.065334,58,123.64
2025-09-15 12:17:56.065334,58,126.53
2025-09-15 12:32:56.065334,58,129.49
2025-09-15 12:47:56.065334,58,103.61
2025-09-15 13:02:56.065334,58,93.69
2025-09-15 13:17:56.065334,58,98.67
2025-09-15 13:32:56.065334,58,89.73
